Block: 0 Data: 67,218,134,50,45,8,4,0,98,99,100,101,102,103,104,105
Block: 1 Data: 0,0,0,0,0,0,0,0,0,0,0,0,0,0,0,0
Block: 2 Data: 0,0,0,0,0,0,0,0,0,0,0,0,0,0,0,0
Block: 3 Data: 0,0,0,0,0,0,255,7,128,105,255,255,255,255,255,255
Block: 4 Data: 0,0,0,0,0,0,0,0,0,0,0,0,0,0,0,0
Block: 5 Data: 0,0,0,0,0,0,0,0,0,0,0,0,0,0,0,0
Block: 6 Data: 0,0,0,0,0,0,0,0,0,0,0,0,0,0,0,0
Block: 7 Data: 0,0,0,0,0,0,255,7,128,105,255,255,255,255,255,255
Block: 8 Data: 89,165,205,28,139,25,147,228,244,140,187,13,91,100,213,104
Block: 9 Data: 255,165,247,254,0,0,0,0,0,0,0,0,0,0,0,0
Block: 10 Data: 0,0,0,0,0,0,0,0,0,0,0,0,0,0,0,0
Block: 11 Data: 0,0,0,0,0,0,255,7,128,105,255,255,255,255,255,255
Block: 12 Data: 0,0,0,0,0,0,0,0,0,0,0,0,0,0,0,0
Block: 13 Data: 0,0,0,0,0,0,0,0,0,0,0,0,0,0,0,0
Block: 14 Data: 0,0,0,0,0,0,0,0,0,0,0,0,0,0,0,0
Block: 15 Data: 0,0,0,0,0,0,255,7,128,105,255,255,255,255,255,255
Block: 16 Data: 0,0,0,0,0,0,0,0,0,0,0,0,0,0,0,0
Block: 17 Data: 0,0,0,0,0,0,0,0,0,0,0,0,0,0,0,0
Block: 18 Data: 0,0,0,0,0,0,0,0,0,0,0,0,0,0,0,0
Block: 19 Data: 0,0,0,0,0,0,255,7,128,105,255,255,255,255,255,255
Block: 20 Data: 0,0,0,0,0,0,0,0,0,0,0,0,0,0,0,0
Block: 21 Data: 0,0,0,0,0,0,0,0,0,0,0,0,0,0,0,0
Block: 22 Data: 0,0,0,0,0,0,0,0,0,0,0,0,0,0,0,0
Block: 23 Data: 0,0,0,0,0,0,255,7,128,105,255,255,255,255,255,255
Block: 24 Data: 0,0,0,0,0,0,0,0,0,0,0,0,0,0,0,0
Block: 25 Data: 0,0,0,0,0,0,0,0,0,0,0,0,0,0,0,0
Block: 26 Data: 0,0,0,0,0,0,0,0,0,0,0,0,0,0,0,0
Block: 27 Data: 0,0,0,0,0,0,255,7,128,105,255,255,255,255,255,255
Block: 28 Data: 0,0,0,0,0,0,0,0,0,0,0,0,0,0,0,0
Block: 29 Data: 0,0,0,0,0,0,0,0,0,0,0,0,0,0,0,0
Block: 30 Data: 0,0,0,0,0,0,0,0,0,0,0,0,0,0,0,0
Block: 31 Data: 0,0,0,0,0,0,255,7,128,105,255,255,255,255,255,255
Block: 32 Data: 0,0,0,0,0,0,0,0,0,0,0,0,0,0,0,0
Block: 33 Data: 0,0,0,0,0,0,0,0,0,0,0,0,0,0,0,0
Block: 34 Data: 0,0,0,0,0,0,0,0,0,0,0,0,0,0,0,0
Block: 35 Data: 0,0,0,0,0,0,255,7,128,105,255,255,255,255,255,255
Block: 36 Data: 0,0,0,0,0,0,0,0,0,0,0,0,0,0,0,0
Block: 37 Data: 0,0,0,0,0,0,0,0,0,0,0,0,0,0,0,0
Block: 38 Data: 0,0,0,0,0,0,0,0,0,0,0,0,0,0,0,0
Block: 39 Data: 0,0,0,0,0,0,255,7,128,105,255,255,255,255,255,255
Block: 40 Data: 0,0,0,0,0,0,0,0,0,0,0,0,0,0,0,0
Block: 41 Data: 0,0,0,0,0,0,0,0,0,0,0,0,0,0,0,0
Block: 42 Data: 0,0,0,0,0,0,0,0,0,0,0,0,0,0,0,0
Block: 43 Data: 0,0,0,0,0,0,255,7,128,105,255,255,255,255,255,255
Block: 44 Data: 0,0,0,0,0,0,0,0,0,0,0,0,0,0,0,0
Block: 45 Data: 0,0,0,0,0,0,0,0,0,0,0,0,0,0,0,0
Block: 46 Data: 0,0,0,0,0,0,0,0,0,0,0,0,0,0,0,0
Block: 47 Data: 0,0,0,0,0,0,255,7,128,105,255,255,255,255,255,255
Block: 48 Data: 0,0,0,0,0,0,0,0,0,0,0,0,0,0,0,0
Block: 49 Data: 0,0,0,0,0,0,0,0,0,0,0,0,0,0,0,0
Block: 50 Data: 0,0,0,0,0,0,0,0,0,0,0,0,0,0,0,0
Block: 51 Data: 0,0,0,0,0,0,255,7,128,105,255,255,255,255,255,255
Block: 52 Data: 0,0,0,0,0,0,0,0,0,0,0,0,0,0,0,0
Block: 53 Data: 0,0,0,0,0,0,0,0,0,0,0,0,0,0,0,0
Block: 54 Data: 0,0,0,0,0,0,0,0,0,0,0,0,0,0,0,0
Block: 55 Data: 0,0,0,0,0,0,255,7,128,105,255,255,255,255,255,255
Block: 56 Data: 0,0,0,0,0,0,0,0,0,0,0,0,0,0,0,0
Block: 57 Data: 0,0,0,0,0,0,0,0,0,0,0,0,0,0,0,0
Block: 58 Data: 0,0,0,0,0,0,0,0,0,0,0,0,0,0,0,0
Block: 59 Data: 0,0,0,0,0,0,255,7,128,105,255,255,255,255,255,255
Block: 60 Data: 0,0,0,0,0,0,0,0,0,0,0,0,0,0,0,0
Block: 61 Data: 0,0,0,0,0,0,0,0,0,0,0,0,0,0,0,0
Block: 62 Data: 0,0,0,0,0,0,0,0,0,0,0,0,0,0,0,0
Block: 63 Data: 0,0,0,0,0,0,255,7,128,105,255,255,255,255,255,255
